K 4
ll -4952.448390412688
mu 0.0944046224251106
omega 0.0001237388194600039 0.8598790573116754 0.03317771668894257 2.0311125272993693
alpha 0.10368933927233397 0.02294383458211262 0.09503346614502153 0.25088382068685927
beta 0.7359463049010387 0.18381170633990715 0.8980415441164717 0.6360725753536588
T1 0.5454585902632607 0.008324516525868178 0.428231500533441 0.01798539267743019
T2 0.0005841886149014064 0.1453749088667897 0.0057159902180579395 0.8483249123002509
T3 0.13753558860589737 0.03815055658361654 0.8195962255139013 0.004717629296584742
T4 0.011249910317703156 0.11085135867713401 0.2765974840172893 0.6013012469878736
